
strategic_region={
	id=255
	name="STRATEGICREGION_255"
	provinces={
		14267 14271 14272 14273 14274 14277 14280 14281 14282 14283 14284 14285 14286 14287	
		14643 14644 14645 14646 14647 14648 14649 14650 14652 14653 14654 14655 14657 14658 14659 14660 14661 14662 14663 14664 14665 14666
		14667 14668 14669 14670
		14651 14656 14671 14672 14673 14674 14675 14676 14677 14678 14679 14680 14681 14682 14683 14684 14685 14686 14687 14688 14689
		
		#WORKING
		14992 14993 14994 14995 14996 14997 14998 14999 15000 15001 15002 15003 15004 15005 15006 15007 15008 15009 15010 15011 15012 15013 15014 15015 15016 15017 15018 15019 15020 15021 15022 15023 15024 15025 15026 15027 15028 15029 15030 15031 15032 15033 15034 15035 15036
		}
	weather={
	}
}
